-218 7489 -3400 7730
-6250 6405 -6250 -2756
-9697 -3904 -9697 -3904
1252 -5507 1252 -5507
-4713 922 -4713 922
-5435 5990 -5435 5990
-9167 -523 -9167 -523
1706 -7622 -3654 -8643
4454 -1825 4454 -4311
-4145 3778 -4145 1451
-3495 5636 5607 -9757
7100 3060 -4546 -8958
-3907 -1600 -3907 -1600
6874 6431 6874 6431
-6055 5166 -4646 5166
406 7349 406 7349
1600 -6454 1600 -6454
4898 9641 4898 9641
-4707 -6898 -4707 -6898
612 5862 612 5862
7863 1167 7863 1167
4046 1747 5735 336
6052 -6252 6052 -4937
-6211 -8192 -6211 -8192
6376 -6235 6376 -6235
-3909 5644 -7508 -7528
-6277 146 -6277 146
-8413 -9400 9014 -1425
-1847 -4323 -1847 -4323
1244 7609 7737 7609
9978 -4756 9978 -4979
-7914 4179 4085 4179
3485 -8018 3485 -8018
-7770 3452 -7770 6217
7747 1077 7747 1077
9264 3649 -2605 7265
473 -2971 473 -2971
9913 4255 9913 4255
7300 -1690 7300 -1690
6730 -3755 6730 -3755
